8191
8346
8455
8456
8586
8602
8650
8654
8657
8668
8678
9825
9826
9879
9937
10203
10204
10252
10260
10261
8149
8178
8226
8262
8358
8406
8697
8721
8722
9788
9789
9810
9823
9905
9911
10269
94937
178475
6480
6504
7943
8524
8529
8534
8535
8543
8564
8600
8636
8686
9804
9857
9875
9876
9885
9888
9891
10233
7732
7878
8302
8305
8306
8315
8370
8371
8385
8560
8603
8633
8634
8661
9865
9866
9906
9910
10205
10267
8311
8521
8550
8588
8592
8639
8689
9746
9748
9829
9830
9831
9837
9847
9848
9851
9941
10249
8119
8197
8344
8401
8411
8427
8463
8466
8472
8549
8655
8658
8659
8667
8669
9796
9817
9850
9902
10003
10004
10163
10172
10194
4116
6413
6422
6433
6601
8277
8464
8593
8611
8614
8640
9791
9908
10218
10219
10228
10229
10235
1634
4531
6004
7841
7842
7844
8348
8613
9764
9765
9768
9772
9773
9774
10264
158085
212821
1074320
1773
6351
7978
8203
8342
8571
8635
9984
9985
9986
9987
9988
9991
9992
9997
10001
7729
7733
7877
8287
8517
8702
9769
9770
9781
9808
9863
10272
10273
10274
10276
10277
10283
109705
165545
197815
6447
7730
7894
7896
9777
9931
9956
10190
10192
10199
10243
289334
1926
1931
1933
2088
2166
4081
4678
4685
6265
8622
8637
8695
9742
9750
9752
10182
10188
95745
95749
106560
1692
8643
8683
8698
8705
8708
8709
8710
9760
9763
49694
49706
132286
168719
195601
657508
8071
8113
8231
8391
8410
8414
8415
8595
9907
9939
10202
10240
6001
6397
6399
6514
6580
6602
6603
6604
6606
6637
8259
8314
56453
130394
161195
191716
207242
267810
307690
307691
546238
722265
773958
867280
915807
960720
1218886
1323940
1427963
1583
1954
2433
9977
9982
10008
10009
10011
10013
10014
10015
10056
4032
7854
7876
8288
8372
8393
8394
8474
8554
8558
8581
8670
8696
9867
9869
10268
10281
96925
161750
161771
189624
494050
1601
1957
2182
2186
4024
5769
8020
8021
8023
8024
8025
8028
8244
8245
8673
89467
205870
458623
8150
8152
8165
8177
8188
8194
8196
8232
8294
8295
8350
8357
8460
9775
9776
9790
9904
10189
1581
6038
10154
10156
10157
10162
10165
175388
187866
206560
1841
1842
1943
1946
6358
6576
6577
6578
6618
7807
7847
7848
7849
7857
8561
162418
649424
1170234
2134
2136
2137
6243
7797
8003
8044
8334
8590
8621
88811
184614
331631
468676
6181
6194
6694
8014
8127
8248
8297
8310
8349
8428
8449
8501
9802
9892
9893
10237
4397
4399
4425
4688
4692
6180
6223
6224
6244
6304
6581
6582
8006
8065
8270
8542
8699
112688
162193
194011
46038
92630
109373
133895
133896
133897
133898
133900
133901
164734
187951
245905
2529
2530
6354
8577
101911
101915
101916
101917
101918
150413
150414
177356
205686
550433
582739
582749
582759
582823
1832
6203
7855
7929
8173
8301
8718
9754
9755
10181
10185
459591
857444
1121750
9723
9731
9736
9738
10271
89022
188187
188191
210132
279290
405332
480286
583706
584663
864269
1178890
2305
7988
8180
8402
8417
8422
8448
8468
8476
8478
8509
8512
8605
8608
8609
9917
